cam0:
  T_cam_imu:
  - [0.9999641031275889, 0.003197881415389814, -0.007846401129833277, 0.001265030971654739]
  - [-0.003216308945288942, 0.9999920967707336, -0.002337039332281246, -0.0025652081547025674]
  - [0.007838865543278494, 0.0023621918900207225, 0.9999664855566258, -0.022231533861925983]
  - [0.0, 0.0, 0.0, 1.0]
  cam_overlaps: []
  camera_model: pinhole
  distortion_coeffs: [-0.03252275347038443, 0.0010042799356776398, -0.0048537750326187136,
    0.0014604134198771906]
  distortion_model: equidistant
  intrinsics: [173.07989681517137, 173.0734479068749, 163.31033691005516, 134.99889292308214]
  resolution: [346, 260]
  rostopic: /davis/image_raw
  timeshift_cam_imu: 0.005733889300479769
