cam0:
  cam_overlaps:
  - 1
  camera_model: pinhole
  distortion_coeffs:
  - -0.3636318234941681
  - 0.14186806325193937
  - 0.0010583447754239298
  - 0.0003053126262369986
  distortion_model: radtan
  intrinsics:
  - 302.2379003034861
  - 302.0343761197425
  - 180.98045623263963
  - 120.14911311634673
  resolution:
  - 346
  - 260
  rostopic: /dvs/image_raw
cam1:
  T_cn_cnm1:
  - - 1.0000000000000016
    - 4.398291691530834e-09
    - -3.8847030551842726e-08
    - 9.65989487043346e-09
  - - -4.398289926393212e-09
    - 1.000000000000001
    - 4.543816079161523e-08
    - -2.6984312895614606e-09
  - - 3.884703075169298e-08
    - -4.54381606207547e-08
    - 1.0000000000000004
    - -4.222155133408989e-08
  - - 0.0
    - 0.0
    - 0.0
    - 1.0
  cam_overlaps:
  - 0
  camera_model: pinhole
  distortion_coeffs:
  - -0.3636314701271434
  - 0.14186776117863872
  - 0.0010583391587107042
  - 0.00030535090064859967
  distortion_model: radtan
  intrinsics:
  - 302.2378587827372
  - 302.03432889251536
  - 180.9804581701518
  - 120.1491018891054
  resolution:
  - 346
  - 260
  rostopic: /dvs/image_raw
