camera_name: "davis"
cam_overlaps: []
camera_model: pinhole
distortion_coeffs: [-0.3636318234941681, 0.14186806325193937, 0.0010583447754239298, 0.0003053126262369986,0.0]
distortion_model: "plumb_bob"
intrinsics: [302.2379003034861, 302.0343761197425, 180.98045623263963, 120.14911311634673]
camera_matrix:
  data: [302.2379003034861, 0.0, 180.98045623263963, 0.0, 302.0343761197425, 120.14911311634673, 0.0, 0.0, 1.0]
distortion_coefficients:
  data: [-0.3636318234941681, 0.14186806325193937, 0.0010583447754239298, 0.0003053126262369986,0.0]
rectification_matrix:
  data: [1.0, 0.0, 0.0, 0.0, 1.0, 0.0, 0.0, 0.0, 1.0]
projection_matrix:
  data: [302.2379003034861, 0.0, 180.98045623263963,0.0, 0.0, 302.0343761197425, 120.14911311634673,0.0, 0.0,0.0, 1.0, 0.0]
resolution: [346, 260]
image_width: 346
image_height: 260
rostopic: /davis/image_raw