camera_name: "davis"
cam_overlaps: []
camera_model: pinhole
distortion_coeffs: [-0.03252275347038443, 0.0010042799356776398, -0.0048537750326187136,
  0.0014604134198771906,0.0]
D: [-0.03252275347038443, 0.0010042799356776398, -0.0048537750326187136,
  0.0014604134198771906,0.0]
#distortion_model: equidistant
distortion_model: "plumb_bob"
intrinsics: [173.07989681517137, 173.0734479068749, 163.31033691005516, 134.99889292308214]
camera_matrix:
  data: [173.07989681517137, 0.0, 173.0734479068749, 0.0, 163.31033691005516, 134.99889292308214, 0.0, 0.0, 1.0]
distortion_coefficients:
  data: [-0.03252275347038443, 0.0010042799356776398, -0.0048537750326187136, 0.0014604134198771906,0.0]
rectification_matrix:
  data: [1.0, 0.0, 0.0, 0.0, 1.0, 0.0, 0.0, 0.0, 1.0]
projection_matrix:
  data: [173.07989681517137, 0.0, 173.0734479068749,0.0, 0.0, 163.31033691005516, 134.99889292308214,0.0, 0.0,0.0, 1.0, 0.0]
K: [173.07989681517137, 0.0, 173.0734479068749, 0.0, 163.31033691005516, 134.99889292308214, 0.0, 0.0, 1.0]
P: [173.07989681517137, 0.0, 173.0734479068749,0.0, 0.0, 163.31033691005516, 134.99889292308214,0.0, 0.0,0.0, 1.0, 0.0]
R: [1.0, 0.0, 0.0, 0.0, 1.0, 0.0, 0.0, 0.0, 1.0]
resolution: [346, 260]
image_width: 346
image_height: 260
rostopic: /davis/image_raw